204	204
asymmetric
0 0	82.00000
0 1	7.00000
0 5	5.00000
0 6	3.00000
1 0	14.00000
1 1	70.00000
1 5	7.00000
1 6	5.00000
2 0	11.00000
2 1	12.00000
2 2	63.00000
2 3	8.00000
3 0	13.00000
3 1	20.00000
3 3	53.00000
3 58	9.00000
4 1	11.00000
4 4	59.00000
4 6	16.00000
4 58	7.00000
5 0	75.00000
5 8	15.00000
6 0	5.00000
6 1	4.00000
6 6	84.00000
6 58	4.00000
7 0	8.00000
7 1	11.00000
7 7	65.00000
8 5	4.00000
8 8	83.00000
8 9	5.00000
9 9	90.00000
9 13	2.00000
10 9	57.00000
10 10	1.00000
10 11	16.00000
10 12	1.00000
11 9	40.00000
11 11	35.00000
12 9	55.00000
12 10	1.00000
12 11	14.00000
12 12	1.00000
13 9	2.00000
13 13	94.00000
13 14	2.00000
14 8	3.00000
14 14	82.00000
14 15	3.00000
14 17	10.00000
15 15	88.00000
15 54	5.00000
15 55	3.00000
15 59	2.00000
16 15	40.00000
16 16	1.00000
16 54	27.00000
16 55	18.00000
16 59	8.00000
17 14	2.00000
17 17	93.00000
17 18	2.00000
17 19	1.00000
18 18	82.00000
18 19	4.00000
18 82	7.00000
19 18	9.00000
19 19	74.00000
19 82	5.00000
20 20	87.00000
20 21	3.00000
20 22	3.00000
20 47	4.00000
21 20	6.00000
21 21	86.00000
22 21	4.00000
22 22	91.00000
22 27	3.00000
23 21	17.00000
23 22	9.00000
23 23	69.00000
24 20	6.00000
24 23	11.00000
24 24	69.00000
24 25	8.00000
25 20	9.00000
25 21	3.00000
25 23	3.00000
25 25	83.00000
26 22	11.00000
26 23	8.00000
26 25	6.00000
26 26	69.00000
27 27	92.00000
27 36	2.00000
27 53	2.00000
28 28	64.00000
28 30	11.00000
28 31	10.00000
28 32	8.00000
29 29	91.00000
29 32	9.00000
30 27	11.00000
30 30	75.00000
30 39	13.00000
31 27	4.00000
31 31	88.00000
31 36	4.00000
31 39	4.00000
32 27	11.00000
32 31	10.00000
32 32	62.00000
32 37	9.00000
33 29	13.00000
33 30	11.00000
33 33	58.00000
33 37	9.00000
34 30	9.00000
34 32	12.00000
34 34	62.00000
34 37	9.00000
35 18	13.00000
35 35	66.00000
35 42	8.00000
36 27	4.00000
36 36	76.00000
36 47	4.00000
36 53	12.00000
37 27	9.00000
37 30	5.00000
37 32	10.00000
37 37	70.00000
38 36	9.00000
38 37	11.00000
38 38	66.00000
38 39	14.00000
39 27	10.00000
39 36	7.00000
39 39	75.00000
39 53	4.00000
40 32	4.00000
40 34	4.00000
40 38	4.00000
40 40	68.00000
41 41	81.00000
42 18	8.00000
42 42	75.00000
42 47	5.00000
43 42	34.00000
43 43	46.00000
43 44	12.00000
43 45	4.00000
44 42	23.00000
44 43	8.00000
44 44	64.00000
44 46	5.00000
45 42	13.00000
45 43	17.00000
45 44	18.00000
45 45	52.00000
46 42	21.00000
46 43	17.00000
46 44	17.00000
46 46	53.00000
47 18	6.00000
47 19	6.00000
47 47	76.00000
48 47	6.00000
48 48	90.00000
48 53	2.00000
49 47	15.00000
49 48	22.00000
49 49	39.00000
49 53	13.00000
50 47	26.00000
50 48	14.00000
50 50	38.00000
50 53	13.00000
51 48	14.00000
51 51	46.00000
51 52	12.00000
51 53	17.00000
52 47	9.00000
52 48	16.00000
52 52	55.00000
52 53	15.00000
53 47	7.00000
53 48	11.00000
53 49	3.00000
53 53	78.00000
54 15	9.00000
54 54	81.00000
54 55	4.00000
55 15	14.00000
55 54	11.00000
55 55	71.00000
56 15	15.00000
56 54	20.00000
56 55	9.00000
56 56	53.00000
57 54	8.00000
57 55	5.00000
57 56	6.00000
57 57	75.00000
58 1	16.00000
58 6	8.00000
58 58	59.00000
59 59	80.00000
59 60	10.00000
59 61	4.00000
59 63	3.00000
60 60	89.00000
60 66	3.00000
61 59	11.00000
61 61	64.00000
61 63	10.00000
61 64	7.00000
62 61	10.00000
62 62	65.00000
62 63	7.00000
62 65	13.00000
63 59	10.00000
63 61	4.00000
63 63	79.00000
63 64	4.00000
64 59	8.00000
64 61	9.00000
64 63	11.00000
64 64	64.00000
65 59	9.00000
65 61	9.00000
65 63	9.00000
65 65	66.00000
66 18	2.00000
66 66	91.00000
66 67	4.00000
67 18	1.00000
67 67	95.00000
67 80	2.00000
67 81	1.00000
68 67	46.00000
68 68	38.00000
68 69	7.00000
68 80	6.00000
69 67	16.00000
69 68	3.00000
69 69	76.00000
69 80	3.00000
70 67	5.00000
70 70	63.00000
70 71	19.00000
70 72	11.00000
71 70	4.00000
71 71	87.00000
71 72	4.00000
71 74	2.00000
72 70	12.00000
72 71	18.00000
72 72	64.00000
72 74	5.00000
73 70	14.00000
73 71	23.00000
73 72	27.00000
73 73	31.00000
74 71	7.00000
74 74	73.00000
74 76	9.00000
75 70	11.00000
75 71	17.00000
75 74	48.00000
75 75	1.00000
75 76	14.00000
76 67	4.00000
76 74	3.00000
76 76	89.00000
76 80	3.00000
77 67	38.00000
77 77	47.00000
77 80	6.00000
77 81	8.00000
78 66	25.00000
78 67	2.00000
78 78	71.00000
78 79	1.00000
79 18	3.00000
79 67	2.00000
79 79	89.00000
80 67	6.00000
80 80	90.00000
81 67	19.00000
81 77	1.00000
81 80	2.00000
81 81	77.00000
82 18	8.00000
82 19	2.00000
82 82	86.00000
83 18	5.00000
83 19	17.00000
83 83	65.00000
84 19	10.00000
84 83	16.00000
84 84	59.00000
85 85	46.00000
85 86	30.00000
85 87	16.00000
85 91	4.00000
86 86	84.00000
86 88	6.00000
86 89	4.00000
86 90	4.00000
87 85	9.00000
87 86	8.00000
87 87	71.00000
87 91	6.00000
88 86	12.00000
88 88	68.00000
88 89	8.00000
88 90	9.00000
89 86	9.00000
89 88	10.00000
89 89	65.00000
89 90	8.00000
90 86	9.00000
90 88	9.00000
90 90	72.00000
91 91	73.00000
91 92	6.00000
91 93	6.00000
91 94	10.00000
92 91	5.00000
92 92	83.00000
92 93	4.00000
92 94	5.00000
93 87	12.00000
93 92	9.00000
93 93	62.00000
93 94	9.00000
94 87	5.00000
94 91	7.00000
94 92	7.00000
94 94	77.00000
95 86	9.00000
95 89	8.00000
95 90	6.00000
95 95	71.00000
96 18	3.00000
96 96	87.00000
96 97	5.00000
96 98	4.00000
97 97	87.00000
97 112	3.00000
97 116	3.00000
97 117	5.00000
98 96	7.00000
98 98	79.00000
98 99	10.00000
100 96	23.00000
100 98	13.00000
100 100	36.00000
100 101	15.00000
101 96	11.00000
101 101	60.00000
101 102	15.00000
101 103	7.00000
103 96	11.00000
103 103	70.00000
103 104	7.00000
103 105	6.00000
104 96	7.00000
104 98	7.00000
104 104	73.00000
104 106	6.00000
106 96	5.00000
106 102	4.00000
106 106	79.00000
106 107	8.00000
107 104	5.00000
107 106	5.00000
107 107	86.00000
108 106	4.00000
108 108	88.00000
108 109	5.00000
109 108	36.00000
109 109	54.00000
110 22	26.00000
110 110	74.00000
111 96	21.00000
111 98	14.00000
111 99	6.00000
111 111	54.00000
112 97	4.00000
112 112	92.00000
112 113	3.00000
113 97	3.00000
113 112	7.00000
113 113	84.00000
113 114	3.00000
114 112	5.00000
114 113	5.00000
114 114	84.00000
114 115	3.00000
115 112	4.00000
115 113	4.00000
115 114	5.00000
115 115	84.00000
116 97	5.00000
116 115	5.00000
116 116	82.00000
116 117	4.00000
117 97	6.00000
117 115	3.00000
117 116	4.00000
117 117	84.00000
118 107	4.00000
118 112	32.00000
118 118	61.00000
119 19	1.00000
119 119	95.00000
119 120	1.00000
120 120	93.00000
120 124	2.00000
120 125	2.00000
120 126	2.00000
121 120	27.00000
121 121	32.00000
121 122	15.00000
121 123	15.00000
123 120	43.00000
123 122	8.00000
123 123	37.00000
123 126	9.00000
124 120	1.00000
124 124	88.00000
124 125	8.00000
125 120	3.00000
125 124	12.00000
125 125	82.00000
125 126	2.00000
126 120	21.00000
126 124	6.00000
126 125	7.00000
126 126	63.00000
127 120	24.00000
127 122	29.00000
127 123	20.00000
127 127	19.00000
128 120	22.00000
128 122	9.00000
128 126	7.00000
128 128	58.00000
129 120	8.00000
129 126	24.00000
129 129	56.00000
130 125	8.00000
130 126	26.00000
130 129	21.00000
130 130	37.00000
131 119	31.00000
131 120	4.00000
131 131	35.00000
131 132	30.00000
132 119	46.00000
132 131	19.00000
132 132	30.00000
133 119	31.00000
133 120	4.00000
133 131	35.00000
134 134	71.00000
134 135	19.00000
134 136	5.00000
134 137	4.00000
135 134	1.00000
135 135	94.00000
135 136	2.00000
135 137	1.00000
136 134	2.00000
136 135	14.00000
136 136	80.00000
136 138	2.00000
137 134	6.00000
137 135	17.00000
137 137	70.00000
137 139	4.00000
138 134	10.00000
138 135	36.00000
138 136	8.00000
138 138	39.00000
139 135	35.00000
139 136	7.00000
139 137	8.00000
139 139	44.00000
140 134	23.00000
140 137	25.00000
140 140	52.00000
141 134	11.00000
141 135	18.00000
141 139	10.00000
141 141	52.00000
142 134	8.00000
142 135	7.00000
142 142	85.00000
143 143	82.00000
143 144	5.00000
143 169	5.00000
143 170	5.00000
144 143	14.00000
144 144	65.00000
144 169	7.00000
144 170	8.00000
145 145	68.00000
145 146	10.00000
145 171	8.00000
145 172	7.00000
146 135	15.00000
146 136	9.00000
146 137	5.00000
146 146	66.00000
147 143	6.00000
147 145	6.00000
147 147	76.00000
147 148	6.00000
148 143	16.00000
148 147	7.00000
148 148	63.00000
149 149	55.00000
149 173	14.00000
149 174	11.00000
149 175	11.00000
150 143	10.00000
150 145	9.00000
150 150	66.00000
150 170	8.00000
151 143	7.00000
151 145	9.00000
151 146	8.00000
151 151	76.00000
152 143	8.00000
152 144	9.00000
152 152	62.00000
152 170	14.00000
153 153	85.00000
153 177	15.00000
154 154	72.00000
154 179	10.00000
155 154	11.00000
155 155	73.00000
156 148	36.00000
156 156	64.00000
157 154	24.00000
157 155	17.00000
157 157	59.00000
158 158	88.00000
158 159	3.00000
158 177	9.00000
159 158	10.00000
159 159	70.00000
159 177	12.00000
160 144	12.00000
160 147	16.00000
160 160	46.00000
160 170	14.00000
161 161	100.00000
162 150	48.00000
162 162	52.00000
165 163	4.00000
165 165	77.00000
165 166	11.00000
165 167	6.00000
166 163	4.00000
166 165	6.00000
166 166	77.00000
166 167	9.00000
167 161	4.00000
167 165	2.00000
167 166	4.00000
167 167	88.00000
168 165	12.00000
168 166	11.00000
168 167	14.00000
168 168	55.00000
170 143	13.00000
170 144	7.00000
170 169	7.00000
170 170	68.00000
171 145	2.00000
171 171	92.00000
171 192	3.00000
172 145	7.00000
172 171	3.00000
172 172	80.00000
172 175	6.00000
173 173	80.00000
173 174	4.00000
173 178	7.00000
174 173	21.00000
174 174	53.00000
174 178	10.00000
174 181	9.00000
175 145	1.00000
175 171	4.00000
175 175	93.00000
176 143	5.00000
176 148	6.00000
176 176	89.00000
177 158	4.00000
177 159	2.00000
177 177	94.00000
178 173	19.00000
178 178	74.00000
178 181	7.00000
179 157	1.00000
179 179	99.00000
180 180	84.00000
180 182	4.00000
180 183	7.00000
180 184	2.00000
181 173	33.00000
181 178	27.00000
181 181	40.00000
182 180	5.00000
182 182	87.00000
182 184	2.00000
182 185	3.00000
183 180	6.00000
183 182	3.00000
183 183	85.00000
183 184	3.00000
184 180	5.00000
184 182	4.00000
184 183	5.00000
184 184	83.00000
185 180	2.00000
185 182	3.00000
185 183	2.00000
185 185	92.00000
186 180	18.00000
186 182	16.00000
186 183	9.00000
186 186	48.00000
187 180	12.00000
187 183	15.00000
187 185	7.00000
187 187	60.00000
188 180	20.00000
188 183	25.00000
188 185	16.00000
188 188	39.00000
189 180	15.00000
189 184	7.00000
189 187	11.00000
189 189	61.00000
190 158	12.00000
190 159	17.00000
190 177	12.00000
190 190	59.00000
191 173	11.00000
191 174	9.00000
191 178	15.00000
191 191	65.00000
192 171	1.00000
192 192	98.00000
192 194	1.00000
193 165	40.00000
193 193	60.00000
194 192	14.00000
194 194	76.00000
195 194	38.00000
195 195	62.00000
196 145	3.00000
196 163	20.00000
196 175	4.00000
196 196	31.00000
196 197	20.00000
196 198	22.00000
197 163	14.00000
197 167	8.00000
197 197	65.00000
197 198	7.00000
198 163	14.00000
198 167	13.00000
198 197	14.00000
198 198	50.00000
199 163	28.00000
199 197	25.00000
199 199	47.00000
200 197	20.00000
200 198	19.00000
200 200	48.00000
201 175	8.00000
201 201	92.00000
202 134	13.00000
202 135	25.00000
202 137	13.00000
202 202	38.00000
203 135	10.00000
203 136	6.00000
203 146	3.00000
203 203	78.00000
